PERNR	SUBTY	BEGDA	BETRG
20043	0015	27.10.2015	0000001598.01
20058	0015	27.10.2015	0000001975.24
240621	0015	27.10.2015	0000000286.00
240633	0015	27.10.2015	0000000384.62
240875	0015	27.10.2015	0000006939.28
241093	0015	27.10.2015	0000001672.43
249999	0015	27.10.2015	0000001927.52
241280	0015	27.10.2015	0000009538.11
241449	0015	27.10.2015	0000001559.07
241476	0015	27.10.2015	0000001922.08
241665	0015	27.10.2015	0000018836.45
241681	0015	27.10.2015	0000001598.00
241686	0015	27.10.2015	0000008350.44
241878	0015	27.10.2015	0000000334.73
242075	0015	27.10.2015	0000006806.98
242211	0015	27.10.2015	0000001868.10
242272	0015	27.10.2015	0000006586.49
242274	0015	27.10.2015	0000007262.22
242306	0015	27.10.2015	0000001739.49
242362	0015	27.10.2015	0000001597.99
